  31271.6700 0.000000000000          1           1.00
  42478.0700 0.100000000000         10           1.11
  46947.8300 0.200000000000         20           1.25
  56550.3900 0.300000000000         30           1.43
  61939.1900 0.400000000000         40           1.67
  65195.5100 0.500000000000         50           2.00
  67962.8700 0.550000000000         55           2.22
  69908.4700 0.600000000000         60           2.50
  73607.6700 0.650000000000         65           2.86
  79493.1100 0.700000000000         70           3.33
  81000.9500 0.750000000000         75           4.00
  87311.3500 0.775000000000         78           4.44
  88535.0300 0.800000000000         80           5.00
  93245.4300 0.825000000000         83           5.71
  94781.4300 0.850000000000         85           6.67
 100966.3900 0.875000000000         88           8.00
 101498.8700 0.887500000000         89           8.89
 107468.7900 0.900000000000         90          10.00
 113249.2700 0.912500000000         92          11.43
 113505.2700 0.925000000000         93          13.33
 122516.4700 0.937500000000         94          16.00
 122618.8700 0.943750000000         95          17.78
 122618.8700 0.950000000000         95          20.00
 125194.2300 0.956250000000         96          22.86
 129407.9900 0.962500000000         97          26.67
 129407.9900 0.968750000000         97          32.00
 197314.5500 0.971875000000         98          35.56
 197314.5500 0.975000000000         98          40.00
 197314.5500 0.978125000000         98          45.71
 220887.0300 0.981250000000         99          53.33
 220887.0300 0.984375000000         99          64.00
 220887.0300 0.985937500000         99          71.11
 220887.0300 0.987500000000         99          80.00
 220887.0300 0.989062500000         99          91.43
8167096.3100 0.990625000000        100         106.67
8167096.3100 1.000000000000        100
#[Mean    =  152218.0608, StdDeviation   =  806049.8093]
#[Max     = 8167096.3100, Total count    =          100]
#[Buckets =           28, SubBuckets     =        32768]
